freq                    noise
1.000000000000000e-001  4.936068e-008
1.023292992280754e-001  4.936058e-008
1.047128548050900e-001  4.936048e-008
1.071519305237607e-001  4.936037e-008
1.096478196143185e-001  4.936026e-008
1.122018454301964e-001  4.936014e-008
1.148153621496883e-001  4.936001e-008
1.174897554939530e-001  4.935988e-008
1.202264434617413e-001  4.935974e-008
1.230268770812382e-001  4.935960e-008
1.258925411794167e-001  4.935945e-008
1.288249551693134e-001  4.935929e-008
1.318256738556407e-001  4.935913e-008
1.348962882591653e-001  4.935896e-008
1.380384264602884e-001  4.935878e-008
1.412537544622754e-001  4.935859e-008
1.445439770745927e-001  4.935839e-008
1.479108388168207e-001  4.935818e-008
1.513561248436207e-001  4.935796e-008
1.548816618912480e-001  4.935774e-008
1.584893192461112e-001  4.935750e-008
1.621810097358929e-001  4.935725e-008
1.659586907437559e-001  4.935699e-008
1.698243652461743e-001  4.935672e-008
1.737800828749374e-001  4.935643e-008
1.778279410038921e-001  4.935613e-008
1.819700858609982e-001  4.935582e-008
1.862087136662866e-001  4.935549e-008
1.905460717963245e-001  4.935514e-008
1.949844599758043e-001  4.935479e-008
1.995262314968878e-001  4.935441e-008
2.041737944669527e-001  4.935401e-008
2.089296130854037e-001  4.935360e-008
2.137962089502230e-001  4.935317e-008
2.187761623949550e-001  4.935271e-008
2.238721138568337e-001  4.935224e-008
2.290867652767770e-001  4.935174e-008
2.344228815319919e-001  4.935122e-008
2.398832919019487e-001  4.935068e-008
2.454708915685027e-001  4.935011e-008
2.511886431509577e-001  4.934951e-008
2.570395782768861e-001  4.934888e-008
2.630267991895379e-001  4.934823e-008
2.691534803926912e-001  4.934754e-008
2.754228703338163e-001  4.934682e-008
2.818382931264450e-001  4.934607e-008
2.884031503126602e-001  4.934529e-008
2.951209226666382e-001  4.934446e-008
3.019951720402012e-001  4.934360e-008
3.090295432513586e-001  4.934269e-008
3.162277660168375e-001  4.934175e-008
3.235936569296278e-001  4.934076e-008
3.311311214825907e-001  4.933972e-008
3.388441561392021e-001  4.933863e-008
3.467368504525312e-001  4.933749e-008
3.548133892335750e-001  4.933630e-008
3.630780547701009e-001  4.933506e-008
3.715352290971720e-001  4.933375e-008
3.801893963205607e-001  4.933238e-008
3.890451449942800e-001  4.933095e-008
3.981071705534967e-001  4.932945e-008
4.073802778041121e-001  4.932788e-008
4.168693834703348e-001  4.932624e-008
4.265795188015920e-001  4.932452e-008
4.365158322401653e-001  4.932272e-008
4.466835921509624e-001  4.932083e-008
4.570881896148742e-001  4.931886e-008
4.677351412871974e-001  4.931679e-008
4.786300923226375e-001  4.931463e-008
4.897788193684454e-001  4.931236e-008
5.011872336272715e-001  4.930999e-008
5.128613839913641e-001  4.930750e-008
5.248074602497718e-001  4.930490e-008
5.370317963702519e-001  4.930218e-008
5.495408738576236e-001  4.929932e-008
5.623413251903481e-001  4.929634e-008
5.754399373371559e-001  4.929321e-008
5.888436553555879e-001  4.928994e-008
6.025595860743567e-001  4.928652e-008
6.165950018614811e-001  4.928293e-008
6.309573444801921e-001  4.927918e-008
6.456542290346544e-001  4.927525e-008
6.606934480075949e-001  4.927113e-008
6.760829753919806e-001  4.926683e-008
6.918309709189353e-001  4.926232e-008
7.079457843841367e-001  4.925760e-008
7.244359600749888e-001  4.925266e-008
7.413102413009162e-001  4.924749e-008
7.585775750291823e-001  4.924207e-008
7.762471166286903e-001  4.923641e-008
7.943282347242799e-001  4.923047e-008
8.128305161640976e-001  4.922426e-008
8.317637711026693e-001  4.921776e-008
8.511380382023747e-001  4.921096e-008
8.709635899560788e-001  4.920384e-008
8.912509381337437e-001  4.919638e-008
9.120108393559078e-001  4.918858e-008
9.332543007969890e-001  4.918042e-008
9.549925860214339e-001  4.917187e-008
9.772372209558086e-001  4.916293e-008
9.999999999999978e-001  4.915357e-008
1.023292992280752e+000  4.914378e-008
1.047128548050897e+000  4.913353e-008
1.071519305237604e+000  4.912280e-008
1.096478196143182e+000  4.911158e-008
1.122018454301961e+000  4.909983e-008
1.148153621496880e+000  4.908754e-008
1.174897554939527e+000  4.907469e-008
1.202264434617410e+000  4.906123e-008
1.230268770812378e+000  4.904716e-008
1.258925411794164e+000  4.903243e-008
1.288249551693131e+000  4.901702e-008
1.318256738556404e+000  4.900091e-008
1.348962882591650e+000  4.898405e-008
1.380384264602881e+000  4.896641e-008
1.412537544622750e+000  4.894796e-008
1.445439770745923e+000  4.892867e-008
1.479108388168203e+000  4.890849e-008
1.513561248436204e+000  4.888739e-008
1.548816618912477e+000  4.886532e-008
1.584893192461109e+000  4.884225e-008
1.621810097358925e+000  4.881812e-008
1.659586907437555e+000  4.879290e-008
1.698243652461739e+000  4.876652e-008
1.737800828749370e+000  4.873895e-008
1.778279410038917e+000  4.871013e-008
1.819700858609977e+000  4.868001e-008
1.862087136662861e+000  4.864853e-008
1.905460717963241e+000  4.861563e-008
1.949844599758039e+000  4.858124e-008
1.995262314968873e+000  4.854532e-008
2.041737944669523e+000  4.850779e-008
2.089296130854033e+000  4.846858e-008
2.137962089502225e+000  4.842763e-008
2.187761623949545e+000  4.838486e-008
2.238721138568332e+000  4.834019e-008
2.290867652767766e+000  4.829355e-008
2.344228815319914e+000  4.824486e-008
2.398832919019482e+000  4.819404e-008
2.454708915685022e+000  4.814098e-008
2.511886431509572e+000  4.808561e-008
2.570395782768855e+000  4.802784e-008
2.630267991895373e+000  4.796757e-008
2.691534803926906e+000  4.790470e-008
2.754228703338157e+000  4.783913e-008
2.818382931264444e+000  4.777077e-008
2.884031503126595e+000  4.769949e-008
2.951209226666375e+000  4.762519e-008
3.019951720402005e+000  4.754776e-008
3.090295432513579e+000  4.746709e-008
3.162277660168367e+000  4.738305e-008
3.235936569296270e+000  4.729553e-008
3.311311214825898e+000  4.720440e-008
3.388441561392012e+000  4.710954e-008
3.467368504525302e+000  4.701082e-008
3.548133892335740e+000  4.690811e-008
3.630780547700999e+000  4.680127e-008
3.715352290971711e+000  4.669018e-008
3.801893963205597e+000  4.657470e-008
3.890451449942790e+000  4.645469e-008
3.981071705534956e+000  4.633002e-008
4.073802778041110e+000  4.620053e-008
4.168693834703337e+000  4.606610e-008
4.265795188015909e+000  4.592659e-008
4.365158322401642e+000  4.578185e-008
4.466835921509612e+000  4.563175e-008
4.570881896148731e+000  4.547614e-008
4.677351412871962e+000  4.531490e-008
4.786300923226363e+000  4.514788e-008
4.897788193684440e+000  4.497495e-008
5.011872336272701e+000  4.479599e-008
5.128613839913625e+000  4.461086e-008
5.248074602497702e+000  4.441945e-008
5.370317963702503e+000  4.422164e-008
5.495408738576220e+000  4.401731e-008
5.623413251903465e+000  4.380635e-008
5.754399373371542e+000  4.358867e-008
5.888436553555861e+000  4.336418e-008
6.025595860743549e+000  4.313278e-008
6.165950018614792e+000  4.289441e-008
6.309573444801902e+000  4.264899e-008
6.456542290346524e+000  4.239646e-008
6.606934480075928e+000  4.213679e-008
6.760829753919785e+000  4.186992e-008
6.918309709189331e+000  4.159584e-008
7.079457843841344e+000  4.131454e-008
7.244359600749864e+000  4.102601e-008
7.413102413009137e+000  4.073027e-008
7.585775750291798e+000  4.042734e-008
7.762471166286877e+000  4.011727e-008
7.943282347242774e+000  3.980012e-008
8.128305161640951e+000  3.947595e-008
8.317637711026666e+000  3.914485e-008
8.511380382023720e+000  3.880693e-008
8.709635899560761e+000  3.846229e-008
8.912509381337408e+000  3.811108e-008
9.120108393559049e+000  3.775343e-008
9.332543007969861e+000  3.738951e-008
9.549925860214309e+000  3.701950e-008
9.772372209558055e+000  3.664359e-008
9.999999999999947e+000  3.626198e-008
1.023292992280749e+001  3.587490e-008
1.047128548050894e+001  3.548257e-008
1.071519305237601e+001  3.508524e-008
1.096478196143179e+001  3.468316e-008
1.122018454301957e+001  3.427661e-008
1.148153621496876e+001  3.386586e-008
1.174897554939523e+001  3.345119e-008
1.202264434617406e+001  3.303290e-008
1.230268770812375e+001  3.261129e-008
1.258925411794160e+001  3.218666e-008
1.288249551693127e+001  3.175933e-008
1.318256738556400e+001  3.132962e-008
1.348962882591646e+001  3.089784e-008
1.380384264602877e+001  3.046431e-008
1.412537544622746e+001  3.002936e-008
1.445439770745919e+001  2.959330e-008
1.479108388168199e+001  2.915645e-008
1.513561248436199e+001  2.871913e-008
1.548816618912472e+001  2.828166e-008
1.584893192461104e+001  2.784434e-008
1.621810097358920e+001  2.740748e-008
1.659586907437550e+001  2.697137e-008
1.698243652461734e+001  2.653631e-008
1.737800828749365e+001  2.610258e-008
1.778279410038912e+001  2.567046e-008
1.819700858609972e+001  2.524020e-008
1.862087136662855e+001  2.481208e-008
1.905460717963235e+001  2.438634e-008
1.949844599758032e+001  2.396321e-008
1.995262314968866e+001  2.354293e-008
2.041737944669515e+001  2.312571e-008
2.089296130854025e+001  2.271176e-008
2.137962089502218e+001  2.230127e-008
2.187761623949537e+001  2.189443e-008
2.238721138568324e+001  2.149141e-008
2.290867652767757e+001  2.109237e-008
2.344228815319906e+001  2.069746e-008
2.398832919019474e+001  2.030683e-008
2.454708915685013e+001  1.992060e-008
2.511886431509563e+001  1.953889e-008
2.570395782768846e+001  1.916181e-008
2.630267991895363e+001  1.878946e-008
2.691534803926897e+001  1.842192e-008
2.754228703338147e+001  1.805928e-008
2.818382931264434e+001  1.770159e-008
2.884031503126585e+001  1.734894e-008
2.951209226666364e+001  1.700135e-008
3.019951720401994e+001  1.665888e-008
3.090295432513568e+001  1.632157e-008
3.162277660168356e+001  1.598943e-008
3.235936569296258e+001  1.566249e-008
3.311311214825886e+001  1.534076e-008
3.388441561392000e+001  1.502425e-008
3.467368504525290e+001  1.471296e-008
3.548133892335728e+001  1.440689e-008
3.630780547700986e+001  1.410601e-008
3.715352290971697e+001  1.381032e-008
3.801893963205583e+001  1.351980e-008
3.890451449942776e+001  1.323441e-008
3.981071705534941e+001  1.295413e-008
4.073802778041095e+001  1.267892e-008
4.168693834703321e+001  1.240875e-008
4.265795188015893e+001  1.214357e-008
4.365158322401625e+001  1.188334e-008
4.466835921509595e+001  1.162802e-008
4.570881896148713e+001  1.137755e-008
4.677351412871944e+001  1.113188e-008
4.786300923226344e+001  1.089096e-008
4.897788193684422e+001  1.065473e-008
5.011872336272682e+001  1.042313e-008
5.128613839913606e+001  1.019611e-008
5.248074602497682e+001  9.973598e-009
5.370317963702482e+001  9.755538e-009
5.495408738576199e+001  9.541865e-009
5.623413251903443e+001  9.332516e-009
5.754399373371521e+001  9.127427e-009
5.888436553555840e+001  8.926532e-009
6.025595860743526e+001  8.729766e-009
6.165950018614769e+001  8.537063e-009
6.309573444801878e+001  8.348357e-009
6.456542290346499e+001  8.163581e-009
6.606934480075903e+001  7.982670e-009
6.760829753919759e+001  7.805557e-009
6.918309709189305e+001  7.632177e-009
7.079457843841317e+001  7.462463e-009
7.244359600749837e+001  7.296350e-009
7.413102413009111e+001  7.133773e-009
7.585775750291771e+001  6.974667e-009
7.762471166286849e+001  6.818969e-009
7.943282347242744e+001  6.666613e-009
8.128305161640920e+001  6.517539e-009
8.317637711026636e+001  6.371681e-009
8.511380382023688e+001  6.228980e-009
8.709635899560728e+001  6.089373e-009
8.912509381337374e+001  5.952801e-009
9.120108393559013e+001  5.819204e-009
9.332543007969824e+001  5.688522e-009
9.549925860214270e+001  5.560697e-009
9.772372209558016e+001  5.435673e-009
1.000000000000000e+002  5.313392e-009
